100
1 4 2
1 7 7
2 5 1
11 5 3
13 11 8
3 18 7
4 14 10
20 20 10
20 10 10
2 8 1
15 14 2
16 5 3
20 17 6
13 8 1
10 18 14
20 10 1
1 15 13
15 19 5
19 7 4
10 10 3
1 20 10
9 16 12
16 10 1
3 15 15
1 6 3
8 19 11
1 7 3
1 7 4
13 18 15
19 2 2
10 20 20
6 10 9
18 16 2
7 17 15
1 20 1
1 6 6
2 10 5
1 7 6
13 7 6
14 5 3
5 10 6
20 20 20
19 3 2
2 9 1
3 18 9
20 15 14
10 10 6
20 9 3
1 6 4
17 19 3
18 14 7
20 1 1
13 17 12
15 13 13
10 2 1
1 8 2
10 20 1
16 6 4
1 6 1
4 11 5
1 7 5
1 7 7
3 18 5
15 7 3
14 8 2
5 9 5
16 2 1
20 20 1
10 20 10
6 17 14
4 10 3
4 10 8
19 15 2
6 14 14
3 18 13
1 6 2
2 5 3
2 7 7
1 8 3
18 14 5
1 6 5
9 13 10
15 5 5
3 7 3
7 2 1
1 20 20
1 7 2
3 11 4
18 6 2
19 18 5
8 6 1
20 15 5
6 9 5
4 2 1
20 13 1
18 15 8
7 3 2
1 7 1
19 11 9
6 7 5
