100
1
19
23
765432
101000
990001
524288
100000
321098
11110
2101
10999
900001
11010
989999
10010
100
1000000
64
998999
2100
199
10111
890123
32
32
1999
9999
10110
2002
899999
900000
20
4096
10000
10100
1110
1998
201
11100
11111
999000
21
1099
999999
901
1111
999900
2000
22
9
901234
1100
99
100001
1001
101001
30
900
110
11001
99000
2001
10011
111
11101
2201
123456
200
10
12000
11000
101
29
102
990000
91
2200
10001
90
12
999
31
999991
11011
1000
77
999001
999899
8192
99001
10101
12001
999990
999901
999989
11
999998
19
1101
